0.0701101 -0.2590998 1.268384
0.07030658 -0.2586035 1.265915
0.08972336 -0.3002484 1.247373
0.09114107 -0.3038142 1.247041
0.09300537 -0.3054175 1.249758
0.09390496 -0.3060832 1.249984
0.09552983 -0.3067061 1.252252
0.09931872 -0.3061164 1.258962
0.1018841 -0.3066354 1.261477
0.1039206 -0.3068571 1.263487
0.1053473 -0.2975062 1.268113
0.1064349 -0.2959851 1.271508
0.1071027 -0.2951317 1.273328
0.1078055 -0.294264 1.275722
0.1086755 -0.2939499 1.277289
0.1044332 -0.2320184 1.293527
0.1123319 -0.2921044 1.283977
0.1126003 -0.2933005 1.284133
0.112693 -0.2946555 1.284538
0.1129759 -0.29369 1.228574
0.1147258 -0.2977021 1.22874
0.1159651 -0.3011658 1.229279
0.116731 -0.3044021 1.23004
0.1172727 -0.3070526 1.229933
0.09856467 -0.2393447 1.296097
0.104596 -0.2969556 1.288139
0.09748354 -0.2393174 1.294631
0.1027577 -0.2963573 1.285739
0.09574056 -0.2359855 1.294492
0.09966812 -0.2952873 1.28469
0.09370234 -0.2345966 1.292154
0.0977618 -0.2959602 1.28172
0.09236602 -0.2343376 1.290771
0.09606668 -0.2942052 1.280536
0.08794834 -0.234301 1.287923
0.09463206 -0.2947944 1.277789
0.08593184 -0.2372642 1.285046
0.09129928 -0.2962492 1.276434
0.09126461 -0.2962391 1.27653
0.05890144 -0.3087207 1.233227
0.05885106 -0.3086376 1.231319
0.08020357 -0.2348403 1.273391
0.07949021 -0.2859155 1.261868
0.07963534 -0.2858617 1.261458
