0.4278178 -0.4218908 0.2228187
-0.2152757 -0.3751105 1.027691
-0.2361164 -0.3564227 0.73975
-0.2476262 -0.4042366 1.016515
-0.2000181 -0.3677205 0.7372851
-0.1962287 -0.3714359 0.7371873
-0.1940789 -0.3758106 0.7383317
-0.1918544 -0.3761832 0.7413918
-0.1916976 -0.3766745 0.7438375
-0.1930914 -0.3757735 0.7476848
-0.1854108 -0.3819894 0.7748194
-0.1437124 -0.3751172 0.7164596
-0.1406753 -0.3751609 0.721575
-0.1446525 -0.3797672 0.7374778
-0.1436623 -0.3808844 0.7430125
-0.1440981 -0.3826426 0.7508059
-0.1450891 -0.3848249 0.7561821
0.108114 -0.3802324 1.115676
0.1116475 -0.3804618 1.114846
0.1156894 -0.377713 1.113201
0.1069264 -0.3711545 1.120711
0.09101642 -0.3634257 1.127669
0.1130373 -0.3800115 1.114454
0.1129909 -0.3808251 1.115987
0.1164493 -0.3825107 1.113707
0.1153334 -0.3818128 1.11225
0.1158076 -0.3806262 1.111284
0.1144495 -0.3803895 1.109377
0.1139111 -0.3804607 1.109117
0.1140179 -0.3801785 1.106987
0.1209159 -0.3794164 1.103503
0.121536 -0.3789274 1.102087
0.1199253 -0.3785059 1.102025
0.1194599 -0.3780667 1.100643
0.1202639 -0.3776601 1.098566
0.1175033 -0.3765016 1.096547
0.118573 -0.3760132 1.093738
0.1155896 -0.3767005 1.092042
0.1102272 -0.3770896 1.090244
0.05303007 -0.3711943 1.105986
0.0508066 -0.370326 1.102313
0.03903453 -0.3655242 1.098145
-0.02210711 -0.3589632 1.120118
-0.2189978 -0.4522105 0.7341679
