-0.1850876 -0.3449026 1.172822
-0.1827422 -0.4421295 1.202761
-0.1926395 -0.4113593 1.207153
-0.1911301 -0.3940094 1.206329
-0.1895482 -0.3802362 1.206542
-0.1877801 -0.3672778 1.207651
-0.1865216 -0.3587216 1.212046
-0.186309 -0.3589628 1.213992
-0.1854662 -0.3609929 1.21711
-0.1845328 -0.3638199 1.216991
-0.1800384 -0.3547972 1.210591
-0.1755914 -0.3429438 1.212934
-0.1734091 -0.3396186 1.213322
-0.1715344 -0.3374493 1.214152
-0.1702773 -0.3360521 1.214662
-0.1689777 -0.3349933 1.21544
-0.1680608 -0.3342714 1.215798
-0.1673447 -0.3338217 1.216274
-0.1666113 -0.3334442 1.21661
-0.1664258 -0.3333754 1.21632
-0.1663342 -0.333358 1.216147
-0.1663077 -0.3332987 1.215852
-0.1665394 -0.3336682 1.217323
-0.1665618 -0.3335443 1.216984
-0.1666204 -0.3334433 1.216449
-0.1668818 -0.3336492 1.217167
-0.1668542 -0.3334596 1.215914
-0.1671116 -0.3335586 1.216313
-0.1673633 -0.3336068 1.216438
-0.167626 -0.3335648 1.216434
-0.1683308 -0.3331289 1.215157
-0.1688205 -0.3327987 1.214359
-0.1692963 -0.3326308 1.213703
-0.169888 -0.3323701 1.21269
-0.1707807 -0.3319104 1.210135
-0.1719957 -0.3315119 1.208527
-0.1726156 -0.330992 1.206503
-0.1733398 -0.330834 1.205727
-0.1742114 -0.3305386 1.204622
-0.1748259 -0.3300175 1.202864
-0.1762171 -0.3289392 1.200539
-0.1786199 -0.3273486 1.197456
-0.1816213 -0.3252004 1.195131
-0.1855637 -0.3226265 1.19203
