-0.285868 -0.03123089 1.17515
-0.2848184 -0.03107693 1.171417
-0.2827398 -0.02629884 1.174852
-0.282241 -0.02609591 1.173712
-0.2816792 -0.02596608 1.173131
-0.2776987 -0.02310558 1.180408
-0.2750682 -0.02222042 1.186534
-0.2729516 -0.02096265 1.192716
-0.2707838 -0.02054984 1.198349
-0.2687038 -0.01986951 1.20192
-0.258441 -0.006439634 1.208214
-0.2562265 -0.003904051 1.211399
-0.2551638 -0.002903275 1.212627
-0.2542975 -0.002237022 1.21359
-0.2534422 -0.001610614 1.214567
-0.2527064 -0.001093459 1.21561
-0.2521121 -0.0007484482 1.216264
-0.2514902 -0.0004478857 1.216987
-0.2507759 -0.0001954271 1.217522
-0.2500466 3.430565E-05 1.217907
-0.2493733 0.0002462008 1.218228
-0.2488149 0.0004976953 1.218554
-0.2485664 0.0006708212 1.219812
-0.2480672 0.0008981617 1.219824
-0.2477711 0.00100177 1.219704
-0.247726 0.001101753 1.220491
-0.2475294 0.001216614 1.220194
-0.2474711 0.001319062 1.220719
-0.247369 0.001393755 1.220853
-0.2472858 0.001512692 1.220838
-0.2472064 0.001664122 1.220467
-0.2471268 0.001866555 1.220083
-0.247013 0.002004961 1.219561
-0.2468448 0.00217105 1.218698
-0.2465799 0.002401279 1.216722
-0.2465349 0.002634309 1.215693
-0.2465672 0.002953927 1.214118
-0.2466888 0.003159612 1.213152
-0.2440338 0.005325564 1.201288
-0.2434812 0.006169326 1.197075
-0.2429188 0.006689892 1.193973
-0.2427434 0.007140758 1.190925
-0.2429099 0.007751837 1.188669
-0.24332 0.00811844 1.186489
