0.4093255 -0.4559951 0.349373
-0.3515688 -0.3991171 1.097695
-0.214705 -0.3572001 0.8799316
-0.1212784 -0.41274 1.073618
-0.1770329 -0.3679814 0.8754815
-0.172678 -0.3722273 0.8744217
-0.1702836 -0.3773226 0.8758631
-0.1676786 -0.378322 0.8790712
-0.1675224 -0.3792061 0.881624
-0.1690434 -0.3783865 0.8848755
-0.1621277 -0.3826895 0.9012633
-0.1335035 -0.3805938 0.8453583
-0.1296339 -0.3807808 0.8503428
-0.130597 -0.3843255 0.8658001
-0.1285684 -0.3853781 0.8712698
-0.1278641 -0.3868236 0.8785762
-0.1275429 -0.3885838 0.8838499
0.2338787 -0.3805349 1.16064
0.2378138 -0.380832 1.159193
0.2418528 -0.3777481 1.159368
0.2325696 -0.3689296 1.169074
0.2152716 -0.3588987 1.180912
0.2394187 -0.3820626 1.166294
0.2399888 -0.3821197 1.165501
0.2440575 -0.3842692 1.161131
0.2434523 -0.3837399 1.160256
0.2436468 -0.3823276 1.159369
0.242612 -0.3824412 1.158615
0.2423452 -0.3825337 1.157984
0.242365 -0.3828521 1.157372
0.2497316 -0.3820487 1.15318
0.2507896 -0.381553 1.15156
0.2492394 -0.3809874 1.151639
0.2486786 -0.3806484 1.151298
0.2489934 -0.3803419 1.150268
0.245967 -0.3793063 1.149787
0.2463408 -0.3792308 1.149112
0.2428479 -0.3808997 1.149797
0.2369111 -0.3819932 1.150131
0.1765836 -0.3723367 1.171242
0.1736837 -0.3713275 1.169286
0.1617419 -0.364279 1.164273
0.09300113 -0.3532904 1.200378
-0.2089816 -0.4345694 0.8626797
