-0.141255 -0.3773364 0.9247225
-0.05967004 -0.3647468 0.9405401
-0.06098718 -0.3677405 0.9457167
-0.05899849 -0.3720674 0.9459985
-0.05899618 -0.3723214 0.9463688
-0.06086675 -0.372868 0.9511574
-0.0609406 -0.3729158 0.9535844
-0.05690141 -0.3766832 0.9568846
-0.05550322 -0.3775955 0.9610128
-0.05228657 -0.3777637 0.9641382
-0.2022071 -0.3946334 0.9479893
-0.1985946 -0.3871453 0.9509944
-0.1942611 -0.3849118 0.9568886
-0.188723 -0.3887127 0.9532638
-0.1884723 -0.3851203 0.9532101
-0.1829335 -0.3850625 0.9385898
-0.181266 -0.3863202 0.9409185
-0.1941852 -0.3791722 0.9146454
-0.1561766 -0.3820296 0.9364346
-0.1831632 -0.3767614 0.9170742
-0.1702471 -0.3686301 0.8939688
-0.184875 -0.3769053 0.9245938
-0.1628507 -0.3784042 0.9212152
-0.1667385 -0.3803968 0.9275962
-0.2003579 -0.3692257 0.9329228
-0.1702068 -0.380853 0.9271175
-0.1597589 -0.3747522 0.915911
-0.15104 -0.3769477 0.9177831
-0.1633632 -0.3789326 0.926017
-0.2070946 -0.3676714 0.9330826
-0.1517922 -0.3666533 0.8926098
-0.1527685 -0.364982 0.8914718
-0.1544414 -0.370752 0.9026875
-0.1571009 -0.363298 0.8926806
-0.1541753 -0.3717055 0.9059814
-0.1546206 -0.3732285 0.9119774
-0.1516989 -0.3767321 0.9174204
-0.1531285 -0.3771822 0.9182597
-0.1648898 -0.3712535 0.9067912
-0.191564 -0.3704304 0.9027622
-0.1753866 -0.362898 0.8810382
-0.1718513 -0.3658232 0.8888098
-0.1705078 -0.3656915 0.8831648
-0.1949194 -0.3755725 0.9021842
