-0.1260509 0.08738931 1.227938
-0.1253005 0.08711515 1.223873
-0.1231335 0.0864224 1.223455
-0.1207798 0.08595537 1.224539
-0.1169831 0.0850989 1.227019
-0.1144152 0.08445285 1.229002
-0.1114835 0.08392578 1.233858
-0.1086007 0.08334528 1.238067
-0.1054913 0.08301601 1.24237
-0.1027282 0.08277997 1.245095
-0.1003702 0.08723599 1.239606
-0.09869549 0.09031665 1.24194
-0.09710357 0.09234273 1.243957
-0.09522232 0.09412283 1.246306
-0.09335103 0.09554226 1.248455
-0.09154195 0.0965182 1.250449
-0.0903473 0.09705497 1.251413
-0.08864582 0.09773184 1.253329
-0.08632656 0.09823954 1.255768
-0.0841336 0.09871142 1.258
-0.08297681 0.09903848 1.259009
-0.08165108 0.0995199 1.260312
-0.08096165 0.09988088 1.262025
-0.08043489 0.1000546 1.262156
-0.08017568 0.1001067 1.262072
-0.08008619 0.1002396 1.262942
-0.07973421 0.1001664 1.262251
-0.08130569 0.09991992 1.26109
-0.08117922 0.0999933 1.261413
-0.08098752 0.1001481 1.26117
-0.08092073 0.1004745 1.259929
-0.08067846 0.1007972 1.258251
-0.08022273 0.1011166 1.256514
-0.08054766 0.1015264 1.255188
-0.08079248 0.101992 1.252379
-0.08109924 0.1023719 1.250412
-0.08131507 0.1026353 1.248053
-0.08173587 0.1028931 1.245419
-0.08228362 0.1032405 1.243176
-0.08285866 0.1035905 1.240667
-0.08381771 0.1043227 1.238149
-0.08483011 0.1049419 1.234538
-0.08527779 0.1053362 1.232164
-0.08626279 0.1057873 1.228471
