0.03675774 -0.3520567 0.9281666
0.03666119 -0.3512107 0.9275582
0.03433323 -0.3537863 0.9463
0.03581877 -0.3487524 0.9515555
0.04417635 -0.3481272 0.9605294
0.03672532 -0.3855887 0.9706666
0.04118191 -0.3711452 0.961
0.03041863 -0.3458456 0.9383334
0.0436368 -0.3764218 0.9647273
0.04265691 -0.345597 0.9689334
0.04058828 -0.3442337 0.9503
0.04499697 -0.3388329 0.9556
0.05519737 -0.3883685 0.9968333
0.05545003 -0.3883572 0.9967872
0.04639499 -0.3396884 0.9492728
0.05708766 -0.3919573 0.9979166
0.05230403 -0.3494618 0.9620001
0.06090755 -0.3871129 0.9917144
0.05061613 -0.3410701 0.9477779
0.05174537 -0.3377986 0.944241
0.05375857 -0.3421613 0.9509001
0.05438045 -0.3449525 0.9476626
0.05169861 -0.3418103 0.9477637
0.05567286 -0.3381098 0.9403368
0.05337621 -0.3386452 0.9426148
0.0549604 -0.342335 0.9464314
0.05603914 -0.336245 0.937143
0.06060362 -0.3386465 0.9384186
0.05502803 -0.3391168 0.9435744
0.05698347 -0.3377442 0.9445355
0.06154437 -0.3326504 0.9368334
0.06156743 -0.3339841 0.9426258
0.06162387 -0.3297531 0.931
0.05991102 -0.334879 0.9429332
0.06147977 -0.3315446 0.929
0.06014765 -0.3351219 0.9364744
0.0605059 -0.3334325 0.9327253
0.05806671 -0.3275922 0.9324991
0.05862413 -0.331096 0.9355412
0.05274441 -0.3240459 0.9300001
0.04591776 -0.3184438 0.9271667
0.0530481 -0.318268 0.9512222
0.02908778 -0.2965298 0.91525
0.0335888 -0.2966744 0.9391874
