0.06834972 -0.3567135 0.916592
0.06881861 -0.3556591 0.9153754
0.06477586 -0.3522559 0.9164766
0.06688102 -0.3511895 0.9172534
0.06826615 -0.3515124 0.9177052
0.07121556 -0.3510948 0.9198871
0.06822634 -0.3522449 0.9238304
0.07049993 -0.3545958 0.9276538
0.07223722 -0.3520517 0.9281504
0.05932076 -0.3477037 0.9389693
0.07367152 -0.3487117 0.9303945
0.07290324 -0.3424003 0.9413329
0.0722445 -0.3432454 0.9422233
0.07976868 -0.3446008 0.9440502
0.07976204 -0.3511536 0.9390352
0.08349518 -0.3521444 0.946809
0.07841273 -0.3503623 0.9438102
0.08092735 -0.3511746 0.9449014
0.08262807 -0.3479172 0.93652
0.08250071 -0.3527639 0.9381133
0.08289015 -0.3523277 0.938498
0.08523602 -0.3527313 0.9383049
0.08430827 -0.351389 0.9364542
0.08044492 -0.3501899 0.9350068
0.09288624 -0.3540979 0.9380605
0.08981987 -0.349586 0.9363288
0.09274805 -0.3544435 0.937026
0.09077044 -0.3477362 0.9335189
0.09310391 -0.354087 0.9373035
0.09124693 -0.3474103 0.9328551
0.0971761 -0.3522106 0.9354498
0.09224781 -0.3459867 0.9323366
0.09717497 -0.3486408 0.9335011
0.09121835 -0.3449712 0.9306276
0.09725639 -0.3504537 0.9316719
0.09205615 -0.3433659 0.9272794
0.09946167 -0.3494352 0.9310433
0.09414547 -0.3438876 0.9286578
0.08961742 -0.341128 0.9244539
0.09335794 -0.3422708 0.9230665
0.08555637 -0.3407926 0.9136645
0.0740553 -0.3463621 0.9047926
0.04997283 -0.339234 0.8894569
0.02970674 -0.3415165 0.8801339
