0.1357446 -0.3856982 0.8686623
0.1031528 -0.3421839 0.9118254
0.111519 -0.2758754 0.9422189
0.1147468 -0.2840388 0.9341807
0.1154805 -0.2904382 0.9300786
0.1156751 -0.2957043 0.928398
0.1154907 -0.3012318 0.9289114
0.1157472 -0.3017165 0.931428
0.1149958 -0.3016166 0.9344683
0.1128648 -0.3011427 0.9386085
0.103617 -0.3054855 0.9517694
0.1056165 -0.3098122 0.9510928
0.107801 -0.3112443 0.9511124
0.1097349 -0.3125374 0.9514996
0.1126652 -0.3136102 0.9525198
0.1145538 -0.3144773 0.9544967
0.1162186 -0.3153969 0.9545825
0.1177912 -0.316476 0.9549468
0.1214787 -0.3189987 0.9562402
0.1244075 -0.3220357 0.9578156
0.1276251 -0.3244385 0.9594352
0.1292479 -0.3259735 0.9602138
0.1319993 -0.3274368 0.9612653
0.132873 -0.3278955 0.9615638
0.1327787 -0.3280503 0.9613377
0.1331625 -0.3283721 0.9611781
0.1326477 -0.328484 0.9615391
0.1331334 -0.3287823 0.9613004
0.1332971 -0.3290456 0.9616247
0.1336975 -0.3294493 0.9618852
0.1346068 -0.329821 0.9622695
0.1353059 -0.3301376 0.962091
0.1358081 -0.3303401 0.9621158
0.1364366 -0.330659 0.9621769
0.1367034 -0.3310382 0.9620637
0.1358529 -0.3313822 0.961081
0.1364531 -0.3315651 0.9611157
0.1370488 -0.331626 0.9609953
0.1362148 -0.3311829 0.9599743
0.1366227 -0.3283532 0.9592427
0.1356234 -0.3236196 0.9577542
0.1279063 -0.3168592 0.951715
-0.01934134 -0.2977209 0.9075347
-0.02139248 -0.2976471 0.9032855
