-0.4433859 -0.5356959 0.1528435
-0.3628073 -0.1593709 0.2584212
-0.3676097 -0.401221 1.128877
-0.3830019 -0.4081847 1.122621
-0.3537233 -0.4291375 1.166584
-0.3528316 -0.4293365 1.167454
-0.3516605 -0.4297681 1.169236
-0.3493349 -0.4304762 1.170939
-0.3594915 -0.4425437 1.189151
-0.3616104 -0.4446489 1.192298
-0.3024754 -0.4124114 1.142688
-0.2963974 -0.4142728 1.135382
-0.2942243 -0.4142227 1.133198
-0.2934054 -0.414295 1.13195
-0.2845837 -0.4142278 1.126263
-0.2845413 -0.4144865 1.127496
-0.280403 -0.4148631 1.126148
-0.2802658 -0.4133866 1.119295
-0.2777913 -0.4124474 1.119184
-0.2753526 -0.4113415 1.117609
-0.2743724 -0.4107372 1.117194
-0.2746278 -0.4106425 1.118199
-0.2735268 -0.4097657 1.116283
-0.2733503 -0.4083481 1.11505
-0.2722718 -0.4059611 1.113278
-0.271212 -0.4045951 1.111113
-0.2705817 -0.4030854 1.109713
-0.2704774 -0.4020186 1.107414
-0.2711263 -0.4005181 1.105539
-0.2708926 -0.3987873 1.103751
-0.2703232 -0.3964158 1.100474
-0.2710797 -0.395132 1.098086
-0.27023 -0.39404 1.096138
-0.2698333 -0.3931378 1.09385
-0.2710197 -0.392409 1.091386
-0.2716624 -0.3915152 1.088476
-0.2733079 -0.3908279 1.086983
-0.275832 -0.3903469 1.085358
-0.2753243 -0.390147 1.08277
-0.2766733 -0.3898299 1.081154
-0.2762877 -0.3892879 1.079461
-0.278596 -0.3878258 1.075762
-0.2776265 -0.3874047 1.073579
-0.2710292 -0.3854898 1.068112
