-0.1080083 0.2469431 1.235721
-0.1070279 0.2454107 1.227943
-0.1058714 0.244275 1.225152
-0.1040014 0.2435797 1.224647
-0.1012774 0.2427916 1.226438
-0.09853873 0.2418031 1.228157
-0.09594329 0.2415288 1.234395
-0.09324213 0.2415409 1.240231
-0.09069304 0.2414073 1.245278
-0.08770271 0.2407431 1.247597
-0.0852049 0.2381582 1.23613
-0.08322332 0.2384401 1.239329
-0.0813389 0.2385992 1.242454
-0.0791946 0.2388838 1.24581
-0.0772865 0.2390018 1.248904
-0.0754176 0.2389558 1.252128
-0.07355826 0.238912 1.254116
-0.07135173 0.2386294 1.256386
-0.06872196 0.2383751 1.258531
-0.06477833 0.2378196 1.260995
-0.06200282 0.237423 1.26314
-0.06015898 0.2372949 1.264535
-0.05893379 0.2377733 1.267684
-0.05765 0.2377446 1.268081
-0.05692707 0.23754 1.267938
-0.05666761 0.2378387 1.269727
-0.05632859 0.2376947 1.269098
-0.0562068 0.2380328 1.270127
-0.05618284 0.2382617 1.27061
-0.0563224 0.2385226 1.270772
-0.05641957 0.2388137 1.270042
-0.05668905 0.2392197 1.269432
-0.05691385 0.2394991 1.268276
-0.05696164 0.2396443 1.266845
-0.05696619 0.2400967 1.263685
-0.05696455 0.2403409 1.261513
-0.05702459 0.2406605 1.259257
-0.05722083 0.2410472 1.257754
-0.05764125 0.2414419 1.256017
-0.05792802 0.241679 1.252635
-0.05835339 0.2421418 1.249485
-0.05919242 0.2426634 1.246416
-0.06023984 0.243152 1.243218
-0.06142541 0.2438518 1.23971
