-0.3214275 -0.44477 0.7518073
-0.2715546 -0.3295872 0.8552155
-0.3045217 -0.2440749 0.898327
-0.3075716 -0.2536178 0.8903741
-0.3096406 -0.2625959 0.8855209
-0.3108056 -0.2728756 0.8828691
-0.3118579 -0.2817378 0.8842295
-0.3117954 -0.283438 0.8866149
-0.3088097 -0.2832311 0.8901161
-0.3062075 -0.2812002 0.8921587
-0.2762167 -0.2920522 0.9014839
-0.2770658 -0.3014365 0.9029015
-0.2768559 -0.3035957 0.9034001
-0.2759146 -0.3046506 0.9040741
-0.2625674 -0.3097873 0.8997597
-0.2620651 -0.3109287 0.9014553
-0.2568462 -0.3125524 0.8998716
-0.2582963 -0.3116492 0.9005157
-0.2586369 -0.3110045 0.9006499
-0.2583659 -0.3101436 0.899738
-0.2586869 -0.3092988 0.8991375
-0.259209 -0.3080755 0.8985217
-0.2605545 -0.3070218 0.898006
-0.2609922 -0.3054602 0.8975657
-0.2601674 -0.3027712 0.8967726
-0.2605183 -0.3011493 0.8959543
-0.2600999 -0.299195 0.8954501
-0.2605016 -0.2980433 0.894501
-0.2603855 -0.2970604 0.8940124
-0.259795 -0.2957239 0.8933598
-0.2591115 -0.292862 0.8914704
-0.2601745 -0.2918008 0.8898986
-0.2605616 -0.2899863 0.8890372
-0.2605107 -0.2887246 0.8876339
-0.2612761 -0.2873243 0.8859561
-0.2612638 -0.2866981 0.8837029
-0.2626515 -0.2857304 0.8826048
-0.2645864 -0.2847918 0.8819716
-0.2642094 -0.2846706 0.8802277
-0.2652715 -0.2835433 0.8788054
-0.2649755 -0.2825651 0.8761251
-0.2648515 -0.2811908 0.8724783
-0.2637497 -0.2798162 0.8691392
-0.2556883 -0.2795723 0.8630396
