0.03810125 -0.04294355 1.274289
0.03804738 -0.04283733 1.270289
0.03868625 -0.04086756 1.269903
0.0399364 -0.03976362 1.270136
0.0415308 -0.03876197 1.271532
0.04349513 -0.03824809 1.272985
0.04642455 -0.03786369 1.277813
0.04846651 -0.03832896 1.28064
0.0505277 -0.03853256 1.283245
0.05303361 -0.03902847 1.285298
0.05003265 -0.0288474 1.284895
0.04986284 -0.02622251 1.287184
0.05023098 -0.02512708 1.288945
0.0507064 -0.02383649 1.291208
0.05157587 -0.02331213 1.292912
0.05257635 -0.02299139 1.295054
0.05326504 -0.02294691 1.296111
0.05435275 -0.02297236 1.297837
0.05567171 -0.02333945 1.300069
0.057344 -0.0244141 1.303169
0.05801981 -0.02516563 1.304521
0.05839699 -0.02577282 1.305441
0.0588816 -0.02645735 1.307323
0.05911342 -0.02704249 1.307528
0.05942804 -0.02791975 1.307486
0.05948484 -0.02815671 1.308345
0.0595319 -0.02829468 1.308131
0.05956095 -0.02832694 1.308789
0.05953846 -0.02861876 1.308995
0.05916597 -0.02875577 1.308632
0.05895111 -0.02885412 1.30798
0.0586466 -0.02920316 1.30706
0.05825159 -0.02975853 1.305441
0.05750715 -0.02997863 1.303393
0.05692373 -0.03034579 1.301368
0.05620615 -0.0309188 1.299366
0.0559355 -0.03113295 1.297833
0.0551501 -0.03150929 1.296088
0.05469951 -0.03200214 1.294401
0.05384275 -0.03211152 1.291427
0.05262883 -0.03188374 1.288299
0.05110339 -0.03105057 1.285033
0.05027879 -0.03024597 1.282435
0.04954049 -0.02961953 1.279697
