-0.1249761 0.03443456 1.232811
-0.1236388 0.03085859 1.229738
-0.1219594 0.02911281 1.22971
-0.1201654 0.02867027 1.230646
-0.1171495 0.02842131 1.232834
-0.1148548 0.02851529 1.234746
-0.1122641 0.02883519 1.239897
-0.1096739 0.0284217 1.244268
-0.1068116 0.02789397 1.248739
-0.1042935 0.02736849 1.251227
-0.1016344 0.03230544 1.244454
-0.0998236 0.03613272 1.246757
-0.09821165 0.03839716 1.248545
-0.09636293 0.0403232 1.250674
-0.09460004 0.04179693 1.252588
-0.09286936 0.04282457 1.254429
-0.09172351 0.04339946 1.255308
-0.09016613 0.0440665 1.257023
-0.08808613 0.04457364 1.259155
-0.08624555 0.04503601 1.261031
-0.08522803 0.04535112 1.261944
-0.08411266 0.04578912 1.263065
-0.08354393 0.04610123 1.264996
-0.08308534 0.04627105 1.265108
-0.08286206 0.04632665 1.265022
-0.08280248 0.04643301 1.266098
-0.08248651 0.04640646 1.265482
-0.08369987 0.04627112 1.26488
-0.08361189 0.04633845 1.265334
-0.08346738 0.04649976 1.265252
-0.0834637 0.04685868 1.264204
-0.08331275 0.04720602 1.262831
-0.08298219 0.04752284 1.261336
-0.08332882 0.04792795 1.260127
-0.08364548 0.04838908 1.257356
-0.08404599 0.0487681 1.255537
-0.0843283 0.04905958 1.253204
-0.08481262 0.04931451 1.250888
-0.08542685 0.04965587 1.248824
-0.08602671 0.05002317 1.246358
-0.08702742 0.05078028 1.24384
-0.08815874 0.05149378 1.240272
-0.08880979 0.05201174 1.237866
-0.09009141 0.05262604 1.23415
