-0.1987201 -0.3263381 0.9802667
-0.09591725 -0.36159 0.9656364
-0.09009751 -0.369249 0.965993
-0.08359992 -0.3762489 0.984
-0.102611 -0.3712774 0.9754445
-0.08805442 -0.3824674 0.983
-0.09350282 -0.377272 0.9822895
-0.09774824 -0.369307 0.9851429
-0.1235575 -0.3573041 0.9876667
-0.08675542 -0.3721938 1.00525
-0.2143038 -0.3241611 0.9843751
-0.2090271 -0.3174439 0.9995653
-0.2055742 -0.3216963 0.9909772
-0.2030255 -0.3193434 0.9995002
-0.199396 -0.3212846 0.9994705
-0.1975742 -0.3189449 1.008539
-0.194506 -0.3236637 0.9963667
-0.1465659 -0.3535963 0.9726666
-0.1447487 -0.3422765 0.9875
-0.1609038 -0.338377 0.9733437
-0.1501066 -0.3422754 0.9744015
-0.1625849 -0.337608 0.9747576
-0.1346718 -0.342418 0.9771667
-0.1342385 -0.3433429 0.9754667
-0.1703518 -0.3321282 0.9661499
-0.1527835 -0.3383746 0.9710001
-0.1362648 -0.3435766 0.9578929
-0.1454705 -0.3396073 0.9644048
-0.142023 -0.3383613 0.968773
-0.1754476 -0.3264117 0.96245
-0.1202592 -0.3383408 0.9431515
-0.1206434 -0.3379804 0.9433767
-0.1322668 -0.3343658 0.9534445
-0.1331523 -0.335617 0.9460718
-0.1387606 -0.3348916 0.9573079
-0.1406899 -0.3336471 0.9538572
-0.1431927 -0.3352708 0.964
-0.1458102 -0.3353271 0.9641668
-0.1420605 -0.332817 0.9456001
-0.1811669 -0.3219156 0.9500952
-0.1518749 -0.3281954 0.9351304
-0.1529591 -0.3310877 0.9325601
-0.1599914 -0.3763134 0.9588182
-0.185538 -0.3140734 0.9315832
