-0.4848787 -0.5684091 0.2796813
-0.4082024 -0.1809146 0.3901849
-0.4273974 -0.4045168 1.280652
-0.4899414 -0.444766 1.236959
-0.4892076 -0.4446753 1.236392
-0.4875723 -0.4447309 1.236951
-0.4860423 -0.4455364 1.239983
-0.4832566 -0.4466047 1.242761
-0.4914089 -0.4628309 1.265261
-0.4929287 -0.4653921 1.268191
-0.4282302 -0.4200801 1.202206
-0.4230291 -0.4236089 1.190477
-0.4211514 -0.4239541 1.18692
-0.4204744 -0.423787 1.185304
-0.4115857 -0.4246845 1.179769
-0.4110708 -0.4251919 1.181438
-0.4071179 -0.4258747 1.179874
-0.4061862 -0.4243346 1.176636
-0.4047804 -0.4229101 1.17349
-0.4030696 -0.4212978 1.170085
-0.4026538 -0.4203489 1.168372
-0.4033337 -0.4200345 1.168583
-0.4033289 -0.418962 1.166291
-0.4034674 -0.4168853 1.164313
-0.4026451 -0.4135268 1.161741
-0.4023444 -0.4117949 1.159306
-0.4015685 -0.4096715 1.157231
-0.4022091 -0.4084657 1.154317
-0.4032097 -0.4064439 1.151982
-0.4032501 -0.4041986 1.149867
-0.402979 -0.4010442 1.145956
-0.404356 -0.3994986 1.142411
-0.4036897 -0.398086 1.140155
-0.4035452 -0.3969614 1.137031
-0.4046073 -0.3959645 1.133492
-0.4055417 -0.3947647 1.129458
-0.4070896 -0.3937527 1.126995
-0.4099148 -0.3932464 1.124312
-0.4095378 -0.3930535 1.12141
-0.4109231 -0.3926963 1.119417
-0.4105879 -0.3919326 1.116705
-0.4129037 -0.3894123 1.112525
-0.4119573 -0.3884349 1.108963
-0.4053594 -0.3872434 1.102036
