-0.113168 -0.3575399 1.230565
-0.1109651 -0.4564303 1.256112
-0.1206563 -0.4260502 1.25646
-0.1195755 -0.4058848 1.254533
-0.1182693 -0.3916527 1.25392
-0.1163215 -0.3796767 1.254271
-0.1148649 -0.3710873 1.259317
-0.1145663 -0.3716156 1.261781
-0.1135643 -0.3739167 1.265131
-0.1125509 -0.376751 1.265876
-0.1084911 -0.3670119 1.253654
-0.1055541 -0.3553675 1.255139
-0.1039149 -0.3520502 1.255282
-0.102405 -0.3497109 1.255963
-0.1013924 -0.3483042 1.256471
-0.1003109 -0.3472534 1.257237
-0.09955464 -0.3465804 1.257516
-0.09894007 -0.3461415 1.258005
-0.09832292 -0.3458166 1.258417
-0.09819587 -0.3456244 1.258541
-0.09812566 -0.345498 1.258655
-0.09812237 -0.3453948 1.258719
-0.09832839 -0.3459524 1.261293
-0.09834368 -0.3458114 1.261161
-0.0983686 -0.3457078 1.260995
-0.09857233 -0.346079 1.262818
-0.09854919 -0.34583 1.262383
-0.09874617 -0.3459782 1.263708
-0.09892648 -0.3460759 1.26467
-0.09910334 -0.345993 1.265313
-0.09957347 -0.3454896 1.265224
-0.09996516 -0.3451687 1.265409
-0.1003811 -0.3449697 1.265268
-0.1009543 -0.3446783 1.264848
-0.1018491 -0.3440911 1.262587
-0.1029849 -0.3437738 1.261613
-0.1037963 -0.3431774 1.259645
-0.1046362 -0.3430459 1.25908
-0.1057192 -0.3428257 1.258177
-0.1065301 -0.3422661 1.256277
-0.1079002 -0.3412631 1.25401
-0.1100342 -0.3397626 1.25085
-0.1127607 -0.3379669 1.248127
-0.1165793 -0.3359742 1.244309
