0.1021143 -0.3730544 1.114985
0.1026409 -0.3720061 1.113091
0.1039383 -0.3822379 1.064509
0.1074437 -0.381517 1.058927
0.1098669 -0.3800509 1.058512
0.1125203 -0.3808649 1.057446
0.1147981 -0.3818024 1.058257
0.1129344 -0.3804058 1.06135
0.1166797 -0.3824303 1.062128
0.1181807 -0.3819234 1.062041
0.1184296 -0.3817619 1.077374
0.1191858 -0.3819504 1.080476
0.1189826 -0.3826426 1.082368
0.1206729 -0.3812229 1.084135
0.1103587 -0.339453 0.9975125
0.1334783 -0.3807474 1.154522
0.1391283 -0.3859352 1.100531
0.1391247 -0.3852862 1.098884
0.1115929 -0.3387946 1.007111
0.09235171 -0.3522888 1.006983
0.09349658 -0.3526078 1.005513
0.09438121 -0.3529072 1.004539
0.09508783 -0.3533296 1.003662
0.09544127 -0.3534444 1.002443
0.1093232 -0.3299234 1.017064
0.1107573 -0.3419037 0.9985146
0.1090892 -0.328634 1.018248
0.1105594 -0.3409916 0.9988292
0.1087979 -0.3270288 1.021119
0.1102836 -0.3401105 1.000121
0.1083983 -0.3256054 1.020979
0.109559 -0.3390459 0.9988008
0.1071841 -0.3243966 1.020958
0.1084854 -0.3377614 0.9993184
0.1062384 -0.3234808 1.019577
0.1085336 -0.336897 0.9978154
0.1059396 -0.323752 1.017171
0.1040897 -0.3320927 1.017158
0.1037747 -0.3309548 0.9964936
0.1027572 -0.3339097 0.9729851
0.07974319 -0.3410115 1.018968
0.07642166 -0.3347405 1.076732
0.07555619 -0.3393459 1.057702
0.07787202 -0.3466159 1.059461
