-0.3669056 -0.2352927 1.116319
-0.3659923 -0.2347632 1.113851
-0.3630821 -0.2301551 1.11718
-0.361173 -0.2281164 1.119735
-0.359335 -0.2266214 1.121416
-0.3568112 -0.2258791 1.123195
-0.354445 -0.2263548 1.12692
-0.3641454 -0.2487455 1.117531
-0.3651737 -0.2507862 1.118099
-0.3653929 -0.2516267 1.118334
-0.3292587 -0.1965574 1.156396
-0.3289986 -0.1964409 1.156408
-0.3283339 -0.1965173 1.15694
-0.3275443 -0.1965229 1.157449
-0.326208 -0.1964251 1.158208
-0.3250813 -0.1963243 1.159163
-0.3240246 -0.1961258 1.159414
-0.3232887 -0.1960909 1.15972
-0.3224073 -0.1959767 1.15988
-0.321894 -0.195811 1.159888
-0.3215049 -0.1956436 1.159806
-0.3213713 -0.1955564 1.159761
-0.3215106 -0.1958066 1.160172
-0.3217451 -0.1968037 1.159305
-0.3211405 -0.195002 1.158934
-0.3212872 -0.1949436 1.158911
-0.3211893 -0.1945809 1.157646
-0.3213776 -0.1946027 1.157512
-0.3215843 -0.1942882 1.156871
-0.3220102 -0.1938219 1.155209
-0.3223531 -0.1932974 1.152709
-0.3229864 -0.1935581 1.149697
-0.323303 -0.1931577 1.147269
-0.3235048 -0.1927324 1.144696
-0.3248496 -0.1923187 1.140518
-0.3260989 -0.1915812 1.137222
-0.3266386 -0.1905042 1.135111
-0.3274861 -0.1900374 1.132641
-0.3283958 -0.1896762 1.130434
-0.3295869 -0.190251 1.127583
-0.3301459 -0.1901013 1.125641
-0.3315447 -0.1899145 1.123708
-0.3327107 -0.1892766 1.122324
-0.3338246 -0.1887242 1.120512
