-0.219919 -0.3617237 0.9638806
-0.1437764 -0.3628142 0.9478948
-0.144811 -0.3645051 0.9517918
-0.1466193 -0.3661593 0.95388
-0.1468823 -0.3673894 0.9567726
-0.1448563 -0.3688278 0.9594646
-0.1446176 -0.3700401 0.9627817
-0.1411854 -0.3705411 0.9662424
-0.1392929 -0.3709996 0.9690395
-0.1403828 -0.3707315 0.9716777
-0.240665 -0.3646505 0.9980065
-0.2390021 -0.3491418 1.009787
-0.238256 -0.3475552 1.011592
-0.2365354 -0.3472607 1.012713
-0.2336428 -0.3466213 1.013468
-0.2242252 -0.3563515 1.000526
-0.2227407 -0.3561951 0.9990147
-0.2073428 -0.363616 0.9872247
-0.2011913 -0.3620802 0.9857952
-0.2087862 -0.3632105 0.9853931
-0.2036726 -0.3620952 0.9813846
-0.210902 -0.3634385 0.9861706
-0.1959497 -0.3633627 0.9767659
-0.195471 -0.3622463 0.9767892
-0.2209252 -0.3646044 0.9845193
-0.2053821 -0.3606935 0.977313
-0.1942575 -0.3597474 0.9708319
-0.197111 -0.3591048 0.9706733
-0.1986645 -0.3589185 0.9709377
-0.2286395 -0.3622122 0.984596
-0.1759341 -0.3562234 0.9561824
-0.17809 -0.3551981 0.9550856
-0.1914911 -0.3543398 0.9600381
-0.1950243 -0.3538448 0.9588899
-0.1975145 -0.3533041 0.9561633
-0.2012544 -0.3531069 0.9545013
-0.2013997 -0.3526753 0.9528792
-0.2035993 -0.3527799 0.9524373
-0.2049945 -0.3523968 0.949968
-0.2271862 -0.3542307 0.9581476
-0.2109566 -0.3520769 0.9478534
-0.2107923 -0.3514962 0.9468803
-0.2104126 -0.3513487 0.9486428
-0.2354103 -0.3564925 0.960025
