-0.2769133 -0.3567447 0.995326
-0.2762904 -0.3564323 0.9940535
-0.2730528 -0.3566775 0.9911649
-0.2705417 -0.3560124 0.9903159
-0.2682463 -0.3558124 0.9907827
-0.2649111 -0.3561563 0.991963
-0.2625435 -0.3571698 0.9938308
-0.243476 -0.3633025 0.988171
-0.238288 -0.3656398 0.9914036
-0.2340306 -0.3667052 0.9936774
-0.269982 -0.3439908 1.022153
-0.2685731 -0.3457849 1.023358
-0.2677943 -0.346591 1.023931
-0.2664522 -0.3472383 1.024817
-0.259284 -0.3453823 1.025892
-0.2574646 -0.3409384 1.028746
-0.2547656 -0.3406404 1.02823
-0.2353774 -0.3426859 1.021728
-0.2349669 -0.3425995 1.021262
-0.2241928 -0.3405705 1.012329
-0.2271881 -0.3410585 1.014246
-0.2238238 -0.3401566 1.011467
-0.2258703 -0.3404747 1.013006
-0.2269139 -0.3404455 1.013359
-0.2549196 -0.3467412 1.017366
-0.2361084 -0.340949 1.013417
-0.2258711 -0.3380725 1.005674
-0.2282275 -0.3381495 1.007036
-0.2299627 -0.3383497 1.007863
-0.2582522 -0.3404595 1.012923
-0.2152985 -0.3334456 0.9899011
-0.2152525 -0.3333991 0.9899381
-0.2247285 -0.3314276 0.9943854
-0.2262151 -0.3302471 0.9952564
-0.2277241 -0.3295134 0.9942122
-0.2298721 -0.3289705 0.9932492
-0.2311858 -0.3287125 0.9911362
-0.232768 -0.3282748 0.9898692
-0.2352766 -0.3293795 0.9885278
-0.2599754 -0.3292192 0.9847775
-0.2402692 -0.3252981 0.9793001
-0.2432223 -0.3255534 0.9803972
-0.2438085 -0.325403 0.9805031
-0.2673281 -0.3321544 0.9824927
