-0.03491474 -0.3497134 1.217849
-0.03367102 -0.4475708 1.245703
-0.04295643 -0.4196837 1.244581
-0.04249729 -0.3983538 1.243039
-0.04160146 -0.3848082 1.242863
-0.03967283 -0.3746007 1.243502
-0.03793913 -0.3660221 1.247521
-0.03745857 -0.3665236 1.249415
-0.03627487 -0.3688087 1.252185
-0.0352718 -0.3720077 1.255358
-0.03256162 -0.3643537 1.246329
-0.03116492 -0.3533307 1.247098
-0.03013677 -0.3502305 1.24707
-0.02907944 -0.3478775 1.247613
-0.02837115 -0.3465598 1.248107
-0.02757174 -0.3455932 1.248834
-0.02701583 -0.3450135 1.249035
-0.02654381 -0.3446158 1.249518
-0.02606739 -0.3443538 1.249986
-0.02587177 -0.3436159 1.251106
-0.02578761 -0.3431464 1.251886
-0.02584318 -0.3428116 1.252471
-0.02595032 -0.343022 1.254648
-0.02602348 -0.3428381 1.254824
-0.02609671 -0.3427237 1.254856
-0.02620253 -0.3429329 1.256315
-0.02619609 -0.3427148 1.256223
-0.02627369 -0.3427683 1.257333
-0.02634951 -0.3428136 1.258196
-0.02640275 -0.3426632 1.258806
-0.02663184 -0.3421566 1.259112
-0.02685641 -0.3418365 1.259555
-0.02712529 -0.341601 1.259575
-0.02758135 -0.3412648 1.259399
-0.0284106 -0.3406986 1.257817
-0.02936068 -0.3403937 1.257151
-0.03033357 -0.3398165 1.255578
-0.03122124 -0.3396256 1.254937
-0.03245505 -0.3393992 1.253961
-0.03345235 -0.3388799 1.252215
-0.03475223 -0.3380366 1.250275
-0.03655384 -0.336715 1.247293
-0.03894721 -0.3353387 1.244377
-0.04253177 -0.3340153 1.239989
