0.08475624 -0.3496679 0.9592468
0.08394764 -0.348922 0.9580209
0.08121942 -0.3503571 0.9562899
0.08081198 -0.3501498 0.9585035
0.08210255 -0.3502122 0.9597511
0.08144076 -0.3500597 0.9612849
0.08139422 -0.3509308 0.9631973
0.08318591 -0.352033 0.9673801
0.08364619 -0.3518268 0.9684613
0.0838619 -0.3522851 0.9707642
0.08700961 -0.350401 0.9695532
0.08898965 -0.350381 0.9721735
0.09052922 -0.3508926 0.9729941
0.09201941 -0.3512978 0.9751548
0.09487219 -0.3485888 0.9704651
0.09603871 -0.3576048 0.9767878
0.09778585 -0.353096 0.9749869
0.09922207 -0.3535258 0.9767843
0.09875605 -0.3512625 0.9720961
0.09849613 -0.352958 0.9717022
0.09938999 -0.3529352 0.9726279
0.1008404 -0.3534227 0.9728453
0.1002654 -0.3535089 0.9730089
0.09909215 -0.3529026 0.9657103
0.1034525 -0.3505245 0.9714659
0.1038552 -0.3506363 0.9714643
0.1039525 -0.3494759 0.9717912
0.1060425 -0.3498206 0.9712164
0.1052029 -0.3492659 0.9731614
0.106274 -0.3489391 0.9692964
0.1075228 -0.346794 0.971141
0.1085341 -0.3478941 0.9690135
0.1088218 -0.3458081 0.9704104
0.1077098 -0.3481313 0.9689069
0.1086833 -0.3469548 0.9687338
0.108494 -0.3465345 0.9659342
0.1083149 -0.3458677 0.9659761
0.1059712 -0.3450386 0.9661806
0.1047172 -0.3416984 0.9636428
0.09890278 -0.3399869 0.9611029
0.09020664 -0.3373931 0.9547901
0.07932146 -0.3381345 0.9507284
0.06020863 -0.3351212 0.9377905
0.04977472 -0.3376184 0.9397008
