-0.1205622 -0.1300108 1.237239
-0.1176965 -0.1795886 1.249899
-0.1186412 -0.1728927 1.247894
-0.1179861 -0.1625079 1.247686
-0.116255 -0.155037 1.248101
-0.114535 -0.1488599 1.248909
-0.1128082 -0.1440027 1.253704
-0.111728 -0.1434945 1.25674
-0.1100908 -0.1438909 1.260302
-0.1084114 -0.1446177 1.261634
-0.1048179 -0.136962 1.252235
-0.1025423 -0.1300481 1.254306
-0.1009048 -0.1271097 1.255346
-0.09920089 -0.1248408 1.25678
-0.09778341 -0.1232849 1.257999
-0.09632824 -0.1221555 1.259345
-0.09534724 -0.1214879 1.259951
-0.09422307 -0.1208731 1.261077
-0.0928365 -0.1203935 1.262353
-0.09192944 -0.119996 1.263277
-0.09136054 -0.1197291 1.263844
-0.09084278 -0.1194234 1.264427
-0.09064617 -0.11939 1.266755
-0.09040797 -0.1192283 1.266783
-0.09029923 -0.1191594 1.266678
-0.09033096 -0.1192201 1.268194
-0.09012915 -0.1191235 1.267736
-0.09062209 -0.1191371 1.268339
-0.0906288 -0.1191278 1.269095
-0.09060289 -0.1189802 1.269412
-0.0907634 -0.1185461 1.268872
-0.09084237 -0.1181691 1.268299
-0.09084459 -0.1178778 1.267466
-0.0912571 -0.1175013 1.266596
-0.09179066 -0.1170084 1.264011
-0.09247335 -0.1166456 1.262585
-0.09296035 -0.1162391 1.26038
-0.09360842 -0.1160178 1.258907
-0.09441742 -0.1157154 1.257355
-0.09509774 -0.115276 1.255082
-0.09623569 -0.1144257 1.252621
-0.09774991 -0.1134036 1.249208
-0.09912043 -0.1124372 1.24667
-0.1013855 -0.1112815 1.242885
